Depth [m]	U [m/s]	V [m/s]	T [°C]	S [permil]	k [J/kg]	eps [W/kg]
0	0	0	24.760000000000002	1.078000000000000	0.000003000000000	0.000000000500000
-1	0	0	24.757000000000001	1.078000000000000	0.000003000000000	0.000000000500000
-2	0	0	24.652999999999999	1.084000000000000	0.000003000000000	0.000000000500000
-3	0	0	24.597000000000001	1.085000000000000	0.000003000000000	0.000000000500000
-4	0	0	24.556999999999999	1.086000000000000	0.000003000000000	0.000000000500000
-5	0	0	24.521999999999998	1.087000000000000	0.000003000000000	0.000000000500000
-6	0	0	24.513000000000002	1.087000000000000	0.000003000000000	0.000000000500000
-7	0	0	24.507000000000001	1.088000000000000	0.000003000000000	0.000000000500000
-8	0	0	24.495000000000001	1.087000000000000	0.000003000000000	0.000000000500000
-9	0	0	24.494000000000000	1.087000000000000	0.000003000000000	0.000000000500000
-10	0	0	24.462000000000000	1.089000000000000	0.000003000000000	0.000000000500000
-11	0	0	24.440000000000001	1.089000000000000	0.000003000000000	0.000000000500000
-12	0	0	24.436000000000000	1.089000000000000	0.000003000000000	0.000000000500000
-13	0	0	24.417000000000002	1.090000000000000	0.000003000000000	0.000000000500000
-14	0	0	24.417000000000002	1.089000000000000	0.000003000000000	0.000000000500000
-15	0	0	24.408999999999999	1.090000000000000	0.000003000000000	0.000000000500000
-16	0	0	24.399000000000001	1.091000000000000	0.000003000000000	0.000000000500000
-17	0	0	24.399999999999999	1.091000000000000	0.000003000000000	0.000000000500000
-18	0	0	24.393000000000001	1.090000000000000	0.000003000000000	0.000000000500000
-19	0	0	24.376999999999999	1.090000000000000	0.000003000000000	0.000000000500000
-20	0	0	24.356999999999999	1.091000000000000	0.000003000000000	0.000000000500000
-21	0	0	24.315999999999999	1.092000000000000	0.000003000000000	0.000000000500000
-22	0	0	24.324000000000002	1.093000000000000	0.000003000000000	0.000000000500000
-23	0	0	24.259000000000000	1.096000000000000	0.000003000000000	0.000000000500000
-24	0	0	24.239999999999998	1.097000000000000	0.000003000000000	0.000000000500000
-25	0	0	24.207000000000001	1.101000000000000	0.000003000000000	0.000000000500000
-26	0	0	24.132999999999999	1.103000000000000	0.000003000000000	0.000000000500000
-27	0	0	24.074000000000002	1.104000000000000	0.000003000000000	0.000000000500000
-28	0	0	23.995999999999999	1.107000000000000	0.000003000000000	0.000000000500000
-29	0	0	23.948000000000000	1.109000000000000	0.000003000000000	0.000000000500000
-30	0	0	23.908000000000001	1.108000000000000	0.000003000000000	0.000000000500000
-31	0	0	23.853000000000002	1.113000000000000	0.000003000000000	0.000000000500000
-32	0	0	23.812999999999999	1.116000000000000	0.000003000000000	0.000000000500000
-33	0	0	23.765999999999998	1.116000000000000	0.000003000000000	0.000000000500000
-34	0	0	23.675000000000001	1.122000000000000	0.000003000000000	0.000000000500000
-35	0	0	23.574999999999999	1.127000000000000	0.000003000000000	0.000000000500000
-36	0	0	23.539999999999999	1.131000000000000	0.000003000000000	0.000000000500000
-37	0	0	23.515000000000001	1.134000000000000	0.000003000000000	0.000000000500000
-38	0	0	23.486999999999998	1.133000000000000	0.000003000000000	0.000000000500000
-39	0	0	23.463000000000001	1.133000000000000	0.000003000000000	0.000000000500000
-40	0	0	23.451000000000001	1.131000000000000	0.000003000000000	0.000000000500000
-41	0	0	23.428999999999998	1.134000000000000	0.000003000000000	0.000000000500000
-42	0	0	23.420000000000002	1.137000000000000	0.000003000000000	0.000000000500000
-43	0	0	23.414000000000001	1.136000000000000	0.000003000000000	0.000000000500000
-44	0	0	23.408000000000001	1.139000000000000	0.000003000000000	0.000000000500000
-45	0	0	23.399000000000001	1.142000000000000	0.000003000000000	0.000000000500000
-46	0	0	23.382999999999999	1.146000000000000	0.000003000000000	0.000000000500000
-47	0	0	23.373999999999999	1.153000000000000	0.000003000000000	0.000000000500000
-48	0	0	23.366000000000000	1.155000000000000	0.000003000000000	0.000000000500000
-49	0	0	23.353000000000002	1.160000000000000	0.000003000000000	0.000000000500000
-50	0	0	23.338999999999999	1.163000000000000	0.000003000000000	0.000000000500000
-51	0	0	23.326000000000001	1.167000000000000	0.000003000000000	0.000000000500000
-52	0	0	23.311000000000000	1.173000000000000	0.000003000000000	0.000000000500000
-53	0	0	23.300000000000001	1.181000000000000	0.000003000000000	0.000000000500000
-54	0	0	23.305000000000000	1.186000000000000	0.000003000000000	0.000000000500000
-55	0	0	23.277999999999999	1.192000000000000	0.000003000000000	0.000000000500000
-56	0	0	23.260000000000002	1.202000000000000	0.000003000000000	0.000000000500000
-57	0	0	23.268999999999998	1.218000000000000	0.000003000000000	0.000000000500000
-58	0	0	23.242000000000001	1.234000000000000	0.000003000000000	0.000000000500000
-59	0	0	23.244000000000000	1.252000000000000	0.000003000000000	0.000000000500000
-60	0	0	23.219999999999999	1.268000000000000	0.000003000000000	0.000000000500000
-61	0	0	23.193000000000001	1.271000000000000	0.000003000000000	0.000000000500000
-62	0	0	23.158000000000001	1.293000000000000	0.000003000000000	0.000000000500000
-63	0	0	23.151000000000000	1.306000000000000	0.000003000000000	0.000000000500000
-64	0	0	23.131000000000000	1.315000000000000	0.000003000000000	0.000000000500000
-65	0	0	23.117000000000001	1.323000000000000	0.000003000000000	0.000000000500000
-66	0	0	23.099000000000000	1.334000000000000	0.000003000000000	0.000000000500000
-67	0	0	23.087000000000000	1.359000000000000	0.000003000000000	0.000000000500000
-68	0	0	23.090000000000000	1.381000000000000	0.000003000000000	0.000000000500000
-69	0	0	23.085000000000001	1.403000000000000	0.000003000000000	0.000000000500000
-70	0	0	23.079999999999998	1.420000000000000	0.000003000000000	0.000000000500000
-71	0	0	23.077999999999999	1.448000000000000	0.000003000000000	0.000000000500000
-72	0	0	23.076000000000001	1.484000000000000	0.000003000000000	0.000000000500000
-73	0	0	23.077000000000002	1.515000000000000	0.000003000000000	0.000000000500000
-74	0	0	23.077999999999999	1.550000000000000	0.000003000000000	0.000000000500000
-75	0	0	23.081000000000000	1.579000000000000	0.000003000000000	0.000000000500000
-76	0	0	23.081000000000000	1.611000000000000	0.000003000000000	0.000000000500000
-77	0	0	23.082999999999998	1.647000000000000	0.000003000000000	0.000000000500000
-78	0	0	23.087000000000000	1.681000000000000	0.000003000000000	0.000000000500000
-79	0	0	23.085000000000001	1.709000000000000	0.000003000000000	0.000000000500000
-80	0	0	23.085000000000001	1.743000000000000	0.000003000000000	0.000000000500000
-81	0	0	23.085999999999999	1.773000000000000	0.000003000000000	0.000000000500000
-82	0	0	23.087000000000000	1.813000000000000	0.000003000000000	0.000000000500000
-83	0	0	23.088000000000001	1.851000000000000	0.000003000000000	0.000000000500000
-84	0	0	23.090000000000000	1.883000000000000	0.000003000000000	0.000000000500000
-85	0	0	23.090000000000000	1.908000000000000	0.000003000000000	0.000000000500000
-86	0	0	23.088999999999999	1.940000000000000	0.000003000000000	0.000000000500000
-87	0	0	23.091999999999999	1.968000000000000	0.000003000000000	0.000000000500000
-88	0	0	23.096000000000000	1.996000000000000	0.000003000000000	0.000000000500000
-89	0	0	23.100000000000001	2.012000000000000	0.000003000000000	0.000000000500000
-90	0	0	23.097999999999999	2.035000000000000	0.000003000000000	0.000000000500000
-91	0	0	23.097000000000001	2.058000000000000	0.000003000000000	0.000000000500000
-92	0	0	23.100999999999999	2.081000000000000	0.000003000000000	0.000000000500000
-93	0	0	23.103999999999999	2.105000000000000	0.000003000000000	0.000000000500000
-94	0	0	23.109999999999999	2.122000000000000	0.000003000000000	0.000000000500000
-95	0	0	23.113000000000000	2.143000000000000	0.000003000000000	0.000000000500000
-96	0	0	23.114000000000001	2.162000000000000	0.000003000000000	0.000000000500000
-97	0	0	23.114999999999998	2.187000000000000	0.000003000000000	0.000000000500000
-98	0	0	23.117000000000001	2.207000000000000	0.000003000000000	0.000000000500000
-99	0	0	23.120000000000001	2.229000000000000	0.000003000000000	0.000000000500000
-100	0	0	23.122000000000000	2.248000000000000	0.000003000000000	0.000000000500000
-101	0	0	23.123999999999999	2.268000000000000	0.000003000000000	0.000000000500000
-102	0	0	23.129999999999999	2.282000000000000	0.000003000000000	0.000000000500000
-103	0	0	23.132999999999999	2.301000000000000	0.000003000000000	0.000000000500000
-104	0	0	23.137000000000000	2.311000000000000	0.000003000000000	0.000000000500000
-105	0	0	23.140000000000001	2.328000000000000	0.000003000000000	0.000000000500000
-106	0	0	23.143000000000001	2.343000000000000	0.000003000000000	0.000000000500000
-107	0	0	23.146999999999998	2.360000000000000	0.000003000000000	0.000000000500000
-108	0	0	23.149000000000001	2.375000000000000	0.000003000000000	0.000000000500000
-109	0	0	23.152000000000001	2.393000000000000	0.000003000000000	0.000000000500000
-110	0	0	23.155999999999999	2.406000000000000	0.000003000000000	0.000000000500000
-111	0	0	23.163000000000000	2.420000000000000	0.000003000000000	0.000000000500000
-112	0	0	23.164000000000001	2.435000000000000	0.000003000000000	0.000000000500000
-113	0	0	23.166000000000000	2.450000000000000	0.000003000000000	0.000000000500000
-114	0	0	23.172999999999998	2.466000000000000	0.000003000000000	0.000000000500000
-115	0	0	23.177000000000000	2.484000000000000	0.000003000000000	0.000000000500000
-116	0	0	23.187999999999999	2.500000000000000	0.000003000000000	0.000000000500000
-117	0	0	23.193000000000001	2.509000000000000	0.000003000000000	0.000000000500000
-118	0	0	23.199000000000002	2.520000000000000	0.000003000000000	0.000000000500000
-119	0	0	23.204000000000001	2.537000000000000	0.000003000000000	0.000000000500000
-120	0	0	23.209000000000000	2.546000000000000	0.000003000000000	0.000000000500000
-121	0	0	23.213999999999999	2.555000000000000	0.000003000000000	0.000000000500000
-122	0	0	23.221000000000000	2.569000000000000	0.000003000000000	0.000000000500000
-123	0	0	23.228999999999999	2.584000000000000	0.000003000000000	0.000000000500000
-124	0	0	23.233000000000001	2.593000000000000	0.000003000000000	0.000000000500000
-125	0	0	23.236999999999998	2.606000000000000	0.000003000000000	0.000000000500000
-126	0	0	23.241000000000000	2.613000000000000	0.000003000000000	0.000000000500000
-127	0	0	23.244000000000000	2.622000000000000	0.000003000000000	0.000000000500000
-128	0	0	23.251000000000001	2.628000000000000	0.000003000000000	0.000000000500000
-129	0	0	23.257999999999999	2.636000000000000	0.000003000000000	0.000000000500000
-130	0	0	23.260000000000002	2.640000000000000	0.000003000000000	0.000000000500000
-131	0	0	23.266999999999999	2.648000000000000	0.000003000000000	0.000000000500000
-132	0	0	23.271000000000001	2.654000000000000	0.000003000000000	0.000000000500000
-133	0	0	23.276000000000000	2.659000000000000	0.000003000000000	0.000000000500000
-134	0	0	23.279000000000000	2.662000000000000	0.000003000000000	0.000000000500000
-135	0	0	23.283999999999999	2.664000000000000	0.000003000000000	0.000000000500000
-136	0	0	23.289000000000001	2.669000000000000	0.000003000000000	0.000000000500000
-137	0	0	23.294000000000000	2.670000000000000	0.000003000000000	0.000000000500000
-138	0	0	23.297999999999998	2.674000000000000	0.000003000000000	0.000000000500000
-139	0	0	23.300999999999998	2.678000000000000	0.000003000000000	0.000000000500000
-140	0	0	23.303999999999998	2.681000000000000	0.000003000000000	0.000000000500000
-141	0	0	23.306999999999999	2.686000000000000	0.000003000000000	0.000000000500000
-142	0	0	23.312000000000001	2.688000000000000	0.000003000000000	0.000000000500000
-143	0	0	23.314000000000000	2.690000000000000	0.000003000000000	0.000000000500000
-144	0	0	23.315999999999999	2.692000000000000	0.000003000000000	0.000000000500000
-145	0	0	23.318999999999999	2.696000000000000	0.000003000000000	0.000000000500000
-146	0	0	23.321999999999999	2.698000000000000	0.000003000000000	0.000000000500000
-147	0	0	23.324999999999999	2.701000000000000	0.000003000000000	0.000000000500000
-148	0	0	23.327999999999999	2.703000000000000	0.000003000000000	0.000000000500000
-149	0	0	23.329999999999998	2.705000000000000	0.000003000000000	0.000000000500000
-150	0	0	23.332000000000001	2.707000000000000	0.000003000000000	0.000000000500000
-151	0	0	23.335999999999999	2.709000000000000	0.000003000000000	0.000000000500000
-152	0	0	23.340000000000000	2.711000000000000	0.000003000000000	0.000000000500000
-153	0	0	23.344000000000001	2.713000000000000	0.000003000000000	0.000000000500000
-154	0	0	23.347000000000001	2.717000000000000	0.000003000000000	0.000000000500000
-155	0	0	23.349000000000000	2.719000000000000	0.000003000000000	0.000000000500000
-156	0	0	23.353000000000002	2.722000000000000	0.000003000000000	0.000000000500000
-157	0	0	23.356999999999999	2.725000000000000	0.000003000000000	0.000000000500000
-158	0	0	23.359000000000002	2.728000000000000	0.000003000000000	0.000000000500000
-159	0	0	23.361999999999998	2.729000000000000	0.000003000000000	0.000000000500000
-160	0	0	23.366000000000000	2.733000000000000	0.000003000000000	0.000000000500000
-161	0	0	23.372000000000000	2.735000000000000	0.000003000000000	0.000000000500000
-162	0	0	23.373999999999999	2.738000000000000	0.000003000000000	0.000000000500000
-163	0	0	23.379999999999999	2.739000000000000	0.000003000000000	0.000000000500000
-164	0	0	23.385000000000002	2.742000000000000	0.000003000000000	0.000000000500000
-165	0	0	23.390000000000001	2.746000000000000	0.000003000000000	0.000000000500000
-166	0	0	23.393000000000001	2.748000000000000	0.000003000000000	0.000000000500000
-167	0	0	23.398000000000000	2.751000000000000	0.000003000000000	0.000000000500000
-168	0	0	23.402000000000001	2.756000000000000	0.000003000000000	0.000000000500000
-169	0	0	23.408000000000001	2.760000000000000	0.000003000000000	0.000000000500000
-170	0	0	23.417000000000002	2.762000000000000	0.000003000000000	0.000000000500000
-171	0	0	23.422999999999998	2.766000000000000	0.000003000000000	0.000000000500000
-172	0	0	23.428000000000001	2.770000000000000	0.000003000000000	0.000000000500000
-173	0	0	23.431000000000001	2.774000000000000	0.000003000000000	0.000000000500000
-174	0	0	23.437000000000001	2.778000000000000	0.000003000000000	0.000000000500000
-175	0	0	23.442000000000000	2.785000000000000	0.000003000000000	0.000000000500000
-176	0	0	23.449000000000002	2.790000000000000	0.000003000000000	0.000000000500000
-177	0	0	23.452000000000002	2.798000000000000	0.000003000000000	0.000000000500000
-178	0	0	23.463999999999999	2.803000000000000	0.000003000000000	0.000000000500000
-179	0	0	23.475000000000001	2.812000000000000	0.000003000000000	0.000000000500000
-180	0	0	23.483000000000001	2.826000000000000	0.000003000000000	0.000000000500000
-181	0	0	23.492000000000001	2.834000000000000	0.000003000000000	0.000000000500000
-182	0	0	23.504999999999999	2.843000000000000	0.000003000000000	0.000000000500000
-183	0	0	23.520000000000000	2.860000000000000	0.000003000000000	0.000000000500000
-184	0	0	23.539999999999999	2.879000000000000	0.000003000000000	0.000000000500000
-185	0	0	23.556999999999999	2.897000000000000	0.000003000000000	0.000000000500000
-186	0	0	23.574000000000002	2.914000000000000	0.000003000000000	0.000000000500000
-187	0	0	23.588999999999999	2.934000000000000	0.000003000000000	0.000000000500000
-188	0	0	23.606000000000002	2.956000000000000	0.000003000000000	0.000000000500000
-189	0	0	23.623999999999999	2.972000000000000	0.000003000000000	0.000000000500000
-190	0	0	23.648000000000000	3.001000000000000	0.000003000000000	0.000000000500000
-191	0	0	23.670000000000002	3.025000000000000	0.000003000000000	0.000000000500000
-192	0	0	23.702000000000002	3.050000000000000	0.000003000000000	0.000000000500000
-193	0	0	23.719999999999999	3.075000000000000	0.000003000000000	0.000000000500000
-194	0	0	23.742000000000001	3.092000000000000	0.000003000000000	0.000000000500000
-195	0	0	23.754999999999999	3.114000000000000	0.000003000000000	0.000000000500000
-196	0	0	23.777000000000001	3.137000000000000	0.000003000000000	0.000000000500000
-197	0	0	23.797999999999998	3.155000000000000	0.000003000000000	0.000000000500000
-198	0	0	23.808000000000000	3.174000000000000	0.000003000000000	0.000000000500000
-199	0	0	23.821999999999999	3.190000000000000	0.000003000000000	0.000000000500000
-200	0	0	23.838999999999999	3.206000000000000	0.000003000000000	0.000000000500000
-201	0	0	23.850000000000001	3.217000000000000	0.000003000000000	0.000000000500000
-202	0	0	23.859999999999999	3.222000000000000	0.000003000000000	0.000000000500000
-203	0	0	23.872000000000000	3.228000000000000	0.000003000000000	0.000000000500000
-204	0	0	23.875000000000000	3.232000000000000	0.000003000000000	0.000000000500000
-205	0	0	23.882000000000001	3.233000000000000	0.000003000000000	0.000000000500000
-206	0	0	23.882999999999999	3.241000000000000	0.000003000000000	0.000000000500000
-207	0	0	23.888000000000002	3.245000000000000	0.000003000000000	0.000000000500000
-208	0	0	23.890999999999998	3.246000000000000	0.000003000000000	0.000000000500000
-209	0	0	23.891999999999999	3.248000000000000	0.000003000000000	0.000000000500000
-210	0	0	23.896000000000001	3.250000000000000	0.000003000000000	0.000000000500000
-211	0	0	23.896000000000001	3.251000000000000	0.000003000000000	0.000000000500000
-212	0	0	23.896999999999998	3.253000000000000	0.000003000000000	0.000000000500000
-213	0	0	23.899000000000001	3.253000000000000	0.000003000000000	0.000000000500000
-214	0	0	23.898000000000000	3.253000000000000	0.000003000000000	0.000000000500000
-215	0	0	23.898000000000000	3.253000000000000	0.000003000000000	0.000000000500000
-216	0	0	23.896999999999998	3.253000000000000	0.000003000000000	0.000000000500000
-217	0	0	23.898000000000000	3.253000000000000	0.000003000000000	0.000000000500000
-218	0	0	23.899000000000001	3.253000000000000	0.000003000000000	0.000000000500000
-219	0	0	23.899999999999999	3.253000000000000	0.000003000000000	0.000000000500000
-220	0	0	23.899999999999999	3.253000000000000	0.000003000000000	0.000000000500000
-221	0	0	23.899000000000001	3.253000000000000	0.000003000000000	0.000000000500000
-222	0	0	23.899000000000001	3.253000000000000	0.000003000000000	0.000000000500000
-223	0	0	23.899999999999999	3.253000000000000	0.000003000000000	0.000000000500000
-224	0	0	23.901000000000000	3.253000000000000	0.000003000000000	0.000000000500000
-225	0	0	23.901000000000000	3.254000000000000	0.000003000000000	0.000000000500000
-226	0	0	23.902000000000001	3.255000000000000	0.000003000000000	0.000000000500000
-227	0	0	23.902999999999999	3.255000000000000	0.000003000000000	0.000000000500000
-228	0	0	23.904000000000000	3.256000000000000	0.000003000000000	0.000000000500000
-229	0	0	23.905000000000001	3.256000000000000	0.000003000000000	0.000000000500000
-230	0	0	23.905999999999999	3.258000000000000	0.000003000000000	0.000000000500000
-231	0	0	23.908000000000001	3.258000000000000	0.000003000000000	0.000000000500000
-232	0	0	23.908999999999999	3.259000000000000	0.000003000000000	0.000000000500000
-233	0	0	23.911000000000001	3.259000000000000	0.000003000000000	0.000000000500000
-234	0	0	23.913000000000000	3.260000000000000	0.000003000000000	0.000000000500000
-235	0	0	23.914999999999999	3.261000000000000	0.000003000000000	0.000000000500000
-236	0	0	23.916000000000000	3.263000000000000	0.000003000000000	0.000000000500000
-237	0	0	23.919000000000000	3.264000000000000	0.000003000000000	0.000000000500000
-238	0	0	23.920999999999999	3.265000000000000	0.000003000000000	0.000000000500000
-239	0	0	23.925000000000001	3.266000000000000	0.000003000000000	0.000000000500000
-240	0	0	23.927000000000000	3.268000000000000	0.000003000000000	0.000000000500000
-241	0	0	23.930000000000000	3.270000000000000	0.000003000000000	0.000000000500000
-242	0	0	23.933000000000000	3.272000000000000	0.000003000000000	0.000000000500000
-243	0	0	23.937000000000001	3.274000000000000	0.000003000000000	0.000000000500000
-244	0	0	23.940999999999999	3.277000000000000	0.000003000000000	0.000000000500000
-245	0	0	23.946000000000002	3.282000000000000	0.000003000000000	0.000000000500000
-246	0	0	23.952000000000002	3.287000000000000	0.000003000000000	0.000000000500000
-247	0	0	23.959000000000000	3.292000000000000	0.000003000000000	0.000000000500000
-248	0	0	23.963999999999999	3.302000000000000	0.000003000000000	0.000000000500000
-249	0	0	23.972000000000001	3.313000000000000	0.000003000000000	0.000000000500000
-250	0	0	23.989000000000001	3.326000000000000	0.000003000000000	0.000000000500000
-251	0	0	24.004999999999999	3.344000000000000	0.000003000000000	0.000000000500000
-252	0	0	24.021000000000001	3.379000000000000	0.000003000000000	0.000000000500000
-253	0	0	24.058000000000000	3.434000000000000	0.000003000000000	0.000000000500000
-254	0	0	24.119000000000000	3.543000000000000	0.000003000000000	0.000000000500000
-255	0	0	24.207000000000001	3.716000000000000	0.000003000000000	0.000000000500000
-256	0	0	24.286000000000001	3.952000000000000	0.000003000000000	0.000000000500000
-257	0	0	24.366000000000000	4.163000000000000	0.000003000000000	0.000000000500000
-258	0	0	24.472999999999999	4.393000000000000	0.000003000000000	0.000000000500000
-259	0	0	24.577999999999999	4.569000000000000	0.000003000000000	0.000000000500000
-260	0	0	24.672000000000001	4.705000000000000	0.000003000000000	0.000000000500000
-261	0	0	24.748000000000001	4.809000000000000	0.000003000000000	0.000000000500000
-262	0	0	24.792999999999999	4.877000000000000	0.000003000000000	0.000000000500000
-263	0	0	24.827999999999999	4.911000000000000	0.000003000000000	0.000000000500000
-264	0	0	24.855000000000000	4.942000000000000	0.000003000000000	0.000000000500000
-265	0	0	24.878000000000000	4.966000000000000	0.000003000000000	0.000000000500000
-266	0	0	24.890999999999998	4.983000000000000	0.000003000000000	0.000000000500000
-267	0	0	24.905000000000001	4.993000000000000	0.000003000000000	0.000000000500000
-268	0	0	24.913000000000000	5.008000000000000	0.000003000000000	0.000000000500000
-269	0	0	24.930000000000000	5.008000000000000	0.000003000000000	0.000000000500000
-270	0	0	24.934999999999999	5.012000000000000	0.000003000000000	0.000000000500000
-271	0	0	24.937999999999999	5.015000000000000	0.000003000000000	0.000000000500000
-272	0	0	24.943000000000001	5.021000000000000	0.000003000000000	0.000000000500000
-273	0	0	24.948000000000000	5.025000000000000	0.000003000000000	0.000000000500000
-274	0	0	24.954000000000001	5.029000000000000	0.000003000000000	0.000000000500000
-275	0	0	24.960000000000001	5.031000000000000	0.000003000000000	0.000000000500000
-276	0	0	24.963000000000001	5.034000000000000	0.000003000000000	0.000000000500000
-277	0	0	24.969999999999999	5.038000000000000	0.000003000000000	0.000000000500000
-278	0	0	24.975000000000001	5.042000000000000	0.000003000000000	0.000000000500000
-279	0	0	24.978999999999999	5.043000000000000	0.000003000000000	0.000000000500000
-280	0	0	24.981000000000002	5.048000000000000	0.000003000000000	0.000000000500000
-281	0	0	24.984000000000002	5.051000000000000	0.000003000000000	0.000000000500000
-282	0	0	24.988000000000000	5.052000000000000	0.000003000000000	0.000000000500000
-283	0	0	24.991000000000000	5.053000000000000	0.000003000000000	0.000000000500000
-284	0	0	24.995999999999999	5.055000000000000	0.000003000000000	0.000000000500000
-285	0	0	24.998000000000001	5.062000000000000	0.000003000000000	0.000000000500000
-286	0	0	25.007000000000001	5.062000000000000	0.000003000000000	0.000000000500000
-287	0	0	25.010000000000002	5.062000000000000	0.000003000000000	0.000000000500000
-288	0	0	25.010999999999999	5.064000000000000	0.000003000000000	0.000000000500000
-289	0	0	25.015999999999998	5.065000000000000	0.000003000000000	0.000000000500000
-290	0	0	25.015999999999998	5.071000000000000	0.000003000000000	0.000000000500000
-291	0	0	25.018999999999998	5.072000000000000	0.000003000000000	0.000000000500000
-292	0	0	25.026000000000000	5.074000000000000	0.000003000000000	0.000000000500000
-293	0	0	25.027999999999999	5.074000000000000	0.000003000000000	0.000000000500000
-294	0	0	25.033000000000001	5.075000000000000	0.000003000000000	0.000000000500000
-295	0	0	25.039999999999999	5.079000000000000	0.000003000000000	0.000000000500000
-296	0	0	25.042999999999999	5.081000000000000	0.000003000000000	0.000000000500000
-297	0	0	25.048999999999999	5.084000000000000	0.000003000000000	0.000000000500000
-298	0	0	25.056999999999999	5.090000000000000	0.000003000000000	0.000000000500000
-299	0	0	25.067000000000000	5.092000000000000	0.000003000000000	0.000000000500000
-300	0	0	25.076000000000001	5.100000000000000	0.000003000000000	0.000000000500000
-301	0	0	25.082999999999998	5.108000000000000	0.000003000000000	0.000000000500000
-302	0	0	25.093000000000000	5.114000000000000	0.000003000000000	0.000000000500000
-303	0	0	25.106000000000002	5.124000000000000	0.000003000000000	0.000000000500000
-304	0	0	25.117999999999999	5.133000000000000	0.000003000000000	0.000000000500000
-305	0	0	25.132000000000001	5.149000000000000	0.000003000000000	0.000000000500000
-306	0	0	25.146999999999998	5.169000000000000	0.000003000000000	0.000000000500000
-307	0	0	25.160000000000000	5.189000000000000	0.000003000000000	0.000000000500000
-308	0	0	25.175000000000001	5.208000000000000	0.000003000000000	0.000000000500000
-309	0	0	25.198000000000000	5.231000000000000	0.000003000000000	0.000000000500000
-310	0	0	25.219000000000001	5.257000000000000	0.000003000000000	0.000000000500000
-311	0	0	25.241000000000000	5.291000000000000	0.000003000000000	0.000000000500000
-312	0	0	25.270000000000000	5.329000000000000	0.000003000000000	0.000000000500000
-313	0	0	25.295999999999999	5.355000000000000	0.000003000000000	0.000000000500000
-314	0	0	25.318999999999999	5.386000000000000	0.000003000000000	0.000000000500000
-315	0	0	25.341999999999999	5.407000000000000	0.000003000000000	0.000000000500000
-316	0	0	25.370999999999999	5.441000000000000	0.000003000000000	0.000000000500000
-317	0	0	25.390999999999998	5.462000000000000	0.000003000000000	0.000000000500000
-318	0	0	25.408000000000001	5.476000000000000	0.000003000000000	0.000000000500000
-319	0	0	25.430000000000000	5.500000000000000	0.000003000000000	0.000000000500000
-320	0	0	25.449000000000002	5.518000000000000	0.000003000000000	0.000000000500000
-321	0	0	25.471000000000000	5.531000000000000	0.000003000000000	0.000000000500000
-322	0	0	25.484999999999999	5.545000000000000	0.000003000000000	0.000000000500000
-323	0	0	25.498000000000001	5.554000000000000	0.000003000000000	0.000000000500000
-324	0	0	25.507000000000001	5.566000000000000	0.000003000000000	0.000000000500000
-325	0	0	25.520000000000000	5.570000000000000	0.000003000000000	0.000000000500000
-326	0	0	25.530999999999999	5.582000000000000	0.000003000000000	0.000000000500000
-327	0	0	25.544000000000000	5.592000000000000	0.000003000000000	0.000000000500000
-328	0	0	25.553999999999998	5.604000000000000	0.000003000000000	0.000000000500000
-329	0	0	25.562999999999999	5.615000000000000	0.000003000000000	0.000000000500000
-330	0	0	25.577999999999999	5.619000000000000	0.000003000000000	0.000000000500000
-331	0	0	25.585999999999999	5.623000000000000	0.000003000000000	0.000000000500000
-332	0	0	25.596000000000000	5.632000000000000	0.000003000000000	0.000000000500000
-333	0	0	25.603000000000002	5.635000000000000	0.000003000000000	0.000000000500000
-334	0	0	25.614000000000001	5.640000000000000	0.000003000000000	0.000000000500000
-335	0	0	25.619000000000000	5.642000000000000	0.000003000000000	0.000000000500000
-336	0	0	25.623999999999999	5.646000000000000	0.000003000000000	0.000000000500000
-337	0	0	25.634000000000000	5.647000000000000	0.000003000000000	0.000000000500000
-338	0	0	25.635999999999999	5.652000000000000	0.000003000000000	0.000000000500000
-339	0	0	25.640999999999998	5.653000000000000	0.000003000000000	0.000000000500000
-340	0	0	25.645000000000000	5.656000000000000	0.000003000000000	0.000000000500000
-341	0	0	25.649999999999999	5.656000000000000	0.000003000000000	0.000000000500000
-342	0	0	25.649999999999999	5.657000000000000	0.000003000000000	0.000000000500000
-343	0	0	25.655999999999999	5.659000000000000	0.000003000000000	0.000000000500000
-344	0	0	25.657000000000000	5.660000000000000	0.000003000000000	0.000000000500000
-345	0	0	25.660000000000000	5.662000000000000	0.000003000000000	0.000000000500000
-346	0	0	25.667000000000002	5.662000000000000	0.000003000000000	0.000000000500000
-347	0	0	25.670999999999999	5.660000000000000	0.000003000000000	0.000000000500000
-348	0	0	25.670999999999999	5.664000000000000	0.000003000000000	0.000000000500000
-349	0	0	25.672000000000001	5.663000000000000	0.000003000000000	0.000000000500000
-350	0	0	25.673999999999999	5.665000000000000	0.000003000000000	0.000000000500000
-351	0	0	25.678000000000001	5.666000000000000	0.000003000000000	0.000000000500000
-352	0	0	25.684000000000001	5.665000000000000	0.000003000000000	0.000000000500000
-353	0	0	25.678000000000001	5.667000000000000	0.000003000000000	0.000000000500000
-354	0	0	25.678999999999998	5.667000000000000	0.000003000000000	0.000000000500000
-355	0	0	25.681000000000001	5.667000000000000	0.000003000000000	0.000000000500000
-356	0	0	25.684000000000001	5.668000000000000	0.000003000000000	0.000000000500000
-357	0	0	25.684999999999999	5.669000000000000	0.000003000000000	0.000000000500000
-358	0	0	25.689000000000000	5.669000000000000	0.000003000000000	0.000000000500000
-359	0	0	25.692000000000000	5.669000000000000	0.000003000000000	0.000000000500000
-360	0	0	25.693999999999999	5.669000000000000	0.000003000000000	0.000000000500000
-361	0	0	25.696999999999999	5.672000000000000	0.000003000000000	0.000000000500000
-362	0	0	25.699000000000002	5.673000000000000	0.000003000000000	0.000000000500000
-363	0	0	25.701000000000001	5.674000000000000	0.000003000000000	0.000000000500000
-364	0	0	25.702000000000002	5.675000000000000	0.000003000000000	0.000000000500000
-365	0	0	25.704999999999998	5.677000000000000	0.000003000000000	0.000000000500000
-366	0	0	25.707999999999998	5.678000000000000	0.000003000000000	0.000000000500000
-367	0	0	25.710000000000001	5.680000000000000	0.000003000000000	0.000000000500000
-368	0	0	25.710999999999999	5.682000000000000	0.000003000000000	0.000000000500000
-369	0	0	25.713000000000001	5.683000000000000	0.000003000000000	0.000000000500000
-370	0	0	25.719000000000001	5.685000000000000	0.000003000000000	0.000000000500000
-371	0	0	25.725000000000001	5.689000000000000	0.000003000000000	0.000000000500000
-372	0	0	25.730000000000000	5.693000000000000	0.000003000000000	0.000000000500000
-373	0	0	25.736999999999998	5.698000000000000	0.000003000000000	0.000000000500000
-374	0	0	25.742999999999999	5.701000000000000	0.000003000000000	0.000000000500000
-375	0	0	25.751000000000001	5.703000000000000	0.000003000000000	0.000000000500000
-376	0	0	25.759000000000000	5.707000000000000	0.000003000000000	0.000000000500000
-377	0	0	25.765999999999998	5.714000000000000	0.000003000000000	0.000000000500000
-378	0	0	25.773000000000000	5.718000000000000	0.000003000000000	0.000000000500000
-379	0	0	25.780000000000001	5.721000000000000	0.000003000000000	0.000000000500000
-380	0	0	25.786000000000001	5.726000000000000	0.000003000000000	0.000000000500000
-381	0	0	25.792999999999999	5.727000000000000	0.000003000000000	0.000000000500000
-382	0	0	25.800000000000001	5.732000000000000	0.000003000000000	0.000000000500000
-383	0	0	25.806000000000001	5.737000000000000	0.000003000000000	0.000000000500000
-384	0	0	25.814000000000000	5.740000000000000	0.000003000000000	0.000000000500000
-385	0	0	25.823000000000000	5.744000000000000	0.000003000000000	0.000000000500000
-386	0	0	25.829999999999998	5.747000000000000	0.000003000000000	0.000000000500000
-387	0	0	25.838000000000001	5.753000000000000	0.000003000000000	0.000000000500000
-388	0	0	25.849000000000000	5.757000000000000	0.000003000000000	0.000000000500000
-389	0	0	25.858000000000001	5.758000000000000	0.000003000000000	0.000000000500000
-390	0	0	25.867000000000001	5.764000000000000	0.000003000000000	0.000000000500000
-391	0	0	25.875000000000000	5.769000000000000	0.000003000000000	0.000000000500000
-392	0	0	25.879999999999999	5.775000000000000	0.000003000000000	0.000000000500000
-393	0	0	25.882999999999999	5.779000000000000	0.000003000000000	0.000000000500000
-394	0	0	25.890000000000001	5.782000000000000	0.000003000000000	0.000000000500000
-395	0	0	25.895000000000000	5.787000000000000	0.000003000000000	0.000000000500000
-396	0	0	25.901000000000000	5.790000000000000	0.000003000000000	0.000000000500000
-397	0	0	25.908999999999999	5.792000000000000	0.000003000000000	0.000000000500000
-398	0	0	25.914999999999999	5.795000000000000	0.000003000000000	0.000000000500000
-399	0	0	25.920999999999999	5.798000000000000	0.000003000000000	0.000000000500000
-400	0	0	25.925000000000001	5.802000000000000	0.000003000000000	0.000000000500000
-401	0	0	25.928000000000001	5.805000000000000	0.000003000000000	0.000000000500000
-402	0	0	25.931999999999999	5.806000000000000	0.000003000000000	0.000000000500000
-403	0	0	25.937000000000001	5.808000000000000	0.000003000000000	0.000000000500000
-404	0	0	25.937000000000001	5.810000000000000	0.000003000000000	0.000000000500000
-405	0	0	25.937999999999999	5.810000000000000	0.000003000000000	0.000000000500000
-406	0	0	25.942000000000000	5.813000000000000	0.000003000000000	0.000000000500000
-407	0	0	25.945000000000000	5.813000000000000	0.000003000000000	0.000000000500000
-408	0	0	25.946999999999999	5.815000000000000	0.000003000000000	0.000000000500000
-409	0	0	25.949999999999999	5.817000000000000	0.000003000000000	0.000000000500000
-410	0	0	25.952999999999999	5.816000000000000	0.000003000000000	0.000000000500000
-411	0	0	25.954999999999998	5.816000000000000	0.000003000000000	0.000000000500000
-412	0	0	25.956000000000000	5.820000000000000	0.000003000000000	0.000000000500000
-413	0	0	25.959000000000000	5.820000000000000	0.000003000000000	0.000000000500000
-414	0	0	25.957999999999998	5.820000000000000	0.000003000000000	0.000000000500000
-415	0	0	25.960000000000001	5.820000000000000	0.000003000000000	0.000000000500000
-416	0	0	25.962000000000000	5.820000000000000	0.000003000000000	0.000000000500000
-417	0	0	25.963000000000001	5.820000000000000	0.000003000000000	0.000000000500000
-418	0	0	25.963000000000001	5.822000000000000	0.000003000000000	0.000000000500000
-419	0	0	25.966000000000001	5.822000000000000	0.000003000000000	0.000000000500000
-420	0	0	25.969000000000001	5.821000000000000	0.000003000000000	0.000000000500000
-421	0	0	25.974000000000000	5.821000000000000	0.000003000000000	0.000000000500000
-422	0	0	25.975999999999999	5.821000000000000	0.000003000000000	0.000000000500000
-423	0	0	25.975000000000001	5.819000000000000	0.000003000000000	0.000000000500000
-424	0	0	25.975000000000001	5.819000000000000	0.000003000000000	0.000000000500000
-425	0	0	25.974000000000000	5.817000000000000	0.000003000000000	0.000000000500000
-426	0	0	25.966999999999999	5.820000000000000	0.000003000000000	0.000000000500000
-427	0	0	25.966999999999999	5.820000000000000	0.000003000000000	0.000000000500000
-428	0	0	25.968000000000000	5.817000000000000	0.000003000000000	0.000000000500000
-429	0	0	25.977000000000000	5.818000000000000	0.000003000000000	0.000000000500000
-430	0	0	25.980000000000000	5.822000000000000	0.000003000000000	0.000000000500000
-431	0	0	25.983000000000001	5.822000000000000	0.000003000000000	0.000000000500000
-432	0	0	25.984000000000002	5.823000000000000	0.000003000000000	0.000000000500000
-433	0	0	25.989000000000001	5.823000000000000	0.000003000000000	0.000000000500000
-434	0	0	25.983000000000001	5.827000000000000	0.000003000000000	0.000000000500000
-435	0	0	25.984000000000002	5.829000000000000	0.000003000000000	0.000000000500000
-436	0	0	25.978000000000002	5.831000000000000	0.000003000000000	0.000000000500000
-437	0	0	25.975999999999999	5.834000000000000	0.000003000000000	0.000000000500000
-438	0	0	25.981999999999999	5.834000000000000	0.000003000000000	0.000000000500000
-439	0	0	25.984999999999999	5.837000000000000	0.000003000000000	0.000000000500000
-440	0	0	25.988000000000000	5.840000000000000	0.000003000000000	0.000000000500000
-441	0	0	25.991000000000000	5.840000000000000	0.000003000000000	0.000000000500000
-442	0	0	25.994000000000000	5.843000000000000	0.000003000000000	0.000000000500000
-443	0	0	25.998000000000001	5.845000000000000	0.000003000000000	0.000000000500000
-444	0	0	25.998999999999999	5.847000000000000	0.000003000000000	0.000000000500000
-445	0	0	26.003000000000000	5.849000000000000	0.000003000000000	0.000000000500000
-446	0	0	26.007000000000001	5.850000000000000	0.000003000000000	0.000000000500000
-447	0	0	26.010000000000002	5.852000000000000	0.000003000000000	0.000000000500000
-448	0	0	26.015000000000001	5.851000000000000	0.000003000000000	0.000000000500000
-449	0	0	26.015000000000001	5.851000000000000	0.000003000000000	0.000000000500000
-450	0	0	26.013000000000002	5.853000000000000	0.000003000000000	0.000000000500000
-451	0	0	26.016999999999999	5.855000000000000	0.000003000000000	0.000000000500000
-452	0	0	26.018000000000001	5.854000000000000	0.000003000000000	0.000000000500000
-453	0	0	26.018999999999998	5.855000000000000	0.000003000000000	0.000000000500000
-454	0	0	26.021000000000001	5.857000000000000	0.000003000000000	0.000000000500000
-455	0	0	26.024999999999999	5.858000000000000	0.000003000000000	0.000000000500000
-456	0	0	26.026000000000000	5.857000000000000	0.000003000000000	0.000000000500000
-457	0	0	26.026000000000000	5.857000000000000	0.000003000000000	0.000000000500000
-458	0	0	26.026000000000000	5.857000000000000	0.000003000000000	0.000000000500000
-459	0	0	26.026000000000000	5.857000000000000	0.000003000000000	0.000000000500000
-460	0	0	26.027999999999999	5.856000000000000	0.000003000000000	0.000000000500000
-461	0	0	26.032000000000000	5.857000000000000	0.000003000000000	0.000000000500000
-462	0	0	26.027000000000001	5.857000000000000	0.000003000000000	0.000000000500000
-463	0	0	26.029000000000000	5.858000000000000	0.000003000000000	0.000000000500000
-464	0	0	26.030999999999999	5.859000000000000	0.000003000000000	0.000000000500000
-465	0	0	26.033000000000001	5.858000000000000	0.000003000000000	0.000000000500000
-466	0	0	26.041000000000000	5.858000000000000	0.000003000000000	0.000000000500000
-467	0	0	26.042999999999999	5.858000000000000	0.000003000000000	0.000000000500000
-468	0	0	26.042999999999999	5.858000000000000	0.000003000000000	0.000000000500000
-469	0	0	26.042999999999999	5.857000000000000	0.000003000000000	0.000000000500000
-470	0	0	26.044000000000000	5.857000000000000	0.000003000000000	0.000000000500000
-471	0	0	26.045000000000002	5.858000000000000	0.000003000000000	0.000000000500000
-472	0	0	26.047000000000001	5.858000000000000	0.000003000000000	0.000000000500000
-473	0	0	26.047999999999998	5.859000000000000	0.000003000000000	0.000000000500000
-474	0	0	26.050000000000001	5.859000000000000	0.000003000000000	0.000000000500000
-475	0	0	26.052000000000000	5.860000000000000	0.000003000000000	0.000000000500000
-476	0	0	26.056000000000001	5.860000000000000	0.000003000000000	0.000000000500000
-477	0	0	26.050000000000001	5.859000000000000	0.000003000000000	0.000000000500000
-478	0	0	26.047999999999998	5.862000000000000	0.000003000000000	0.000000000500000
